UserID: 1066119640 | Time: 2024-06-14 15:06:51.595363 | Command: /bgmi | Target: 20.235.54.58 | Port: 24422 | Time: 180
Username: @The_Shann
Target: 20.235.54.58
Port: 24422
Time: 180

UserID: 1066119640 | Time: 2024-06-14 15:08:45.606058 | Command: /bgmi | Target: 20.235.54.58 | Port: 24422 | Time: 120
Username: @The_Shann
Target: 20.235.54.58
Port: 24422
Time: 120

